步骤,割值,近似比
0,5.302227,0.883705
1,5.618434,0.936406
2,5.884883,0.980814
3,5.884792,0.980799
4,5.176946,0.862824
5,5.405820,0.900970
6,5.884781,0.980797
7,4.885622,0.814270
8,5.687925,0.947988
9,5.035812,0.839302
10,5.546634,0.924439
11,5.468226,0.911371
12,5.687869,0.947978
13,4.822993,0.803832
14,5.759392,0.959899
15,5.177034,0.862839
16,5.759387,0.959898
17,4.303496,0.717249
18,5.885262,0.980877
19,5.885311,0.980885
20,5.618066,0.936344
21,5.885190,0.980865
22,5.885285,0.980881
23,5.177056,0.862843
24,5.885138,0.980856
25,5.468262,0.911377
26,5.327010,0.887835
27,5.885081,0.980847
28,4.822993,0.803832
29,5.885070,0.980845
30,5.885154,0.980859
31,5.759392,0.959899
32,5.468197,0.911366
33,5.885104,0.980851
34,5.177024,0.862837
35,5.546549,0.924425
36,5.759259,0.959876
37,5.885290,0.980882
38,5.759230,0.959872
39,5.405011,0.900835
40,5.105650,0.850942
41,5.177078,0.862846
42,5.177063,0.862844
43,5.885416,0.980903
44,5.885547,0.980925
45,5.404915,0.900819
46,5.687755,0.947959
47,4.297302,0.716217
48,5.885516,0.980919
49,5.396708,0.899451
50,5.885664,0.980944
51,5.885636,0.980939
52,5.113892,0.852315
53,5.404976,0.900829
54,5.759157,0.959860
55,5.885466,0.980911
56,5.546283,0.924380
57,5.687739,0.947956
58,5.885523,0.980920
59,5.617785,0.936298
60,5.885425,0.980904
61,5.885521,0.980920
62,5.885527,0.980921
63,5.885588,0.980931
64,5.177143,0.862857
65,5.404751,0.900792
66,5.546162,0.924360
67,5.885620,0.980937
68,5.885521,0.980920
69,5.759002,0.959834
70,4.453842,0.742307
71,4.523763,0.753961
72,5.885521,0.980920
73,4.822889,0.803815
74,5.546166,0.924361
75,5.177145,0.862857
76,5.546170,0.924362
77,5.759030,0.959838
78,5.468105,0.911351
79,5.885581,0.980930
80,5.177125,0.862854
81,5.404638,0.900773
82,4.964318,0.827386
83,5.885775,0.980962
84,5.255177,0.875863
85,5.687488,0.947915
86,5.885763,0.980960
87,5.885787,0.980964
88,5.829081,0.971513
89,5.885752,0.980959
90,5.885730,0.980955
91,5.326451,0.887742
92,5.545969,0.924328
93,5.885825,0.980971
94,5.326495,0.887749
95,5.404638,0.900773
96,5.885714,0.980952
97,4.673487,0.778914
98,5.885715,0.980952
99,5.885807,0.980968
100,5.304441,0.884074
101,5.467986,0.911331
102,5.177149,0.862858
103,5.885680,0.980947
104,5.885562,0.980927
105,4.822873,0.803812
106,5.885684,0.980947
107,5.687688,0.947948
108,5.404757,0.900793
109,5.105876,0.850979
110,5.468062,0.911344
111,4.822854,0.803809
112,5.885708,0.980951
113,5.885627,0.980938
114,5.113811,0.852302
115,5.885564,0.980927
116,5.885622,0.980937
117,5.885573,0.980929
118,4.822874,0.803812
119,5.404769,0.900795
120,5.885571,0.980929
121,5.885624,0.980937
122,5.538225,0.923038
123,5.758881,0.959814
124,4.879519,0.813253
125,5.885673,0.980946
126,5.538108,0.923018
127,4.304157,0.717359
128,5.885451,0.980909
129,4.822898,0.803816
130,5.617694,0.936282
131,5.759158,0.959860
132,5.885434,0.980906
133,5.461331,0.910222
134,5.687814,0.947969
135,5.546569,0.924428
136,4.822939,0.803823
137,5.759391,0.959898
138,5.302896,0.883816
139,5.405128,0.900855
140,5.885208,0.980868
141,4.964256,0.827376
142,5.759296,0.959883
143,5.885389,0.980898
144,4.822955,0.803826
145,5.885438,0.980906
146,5.759177,0.959863
147,5.113941,0.852324
148,5.396730,0.899455
149,5.177077,0.862846
150,4.879233,0.813205
151,5.759134,0.959856
152,5.885426,0.980904
153,5.177062,0.862844
154,5.177041,0.862840
155,5.177007,0.862835
156,4.822987,0.803831
157,5.884989,0.980831
158,4.737645,0.789607
159,5.885080,0.980847
160,4.673027,0.778838
161,5.759561,0.959927
162,5.114210,0.852368
163,5.759595,0.959932
164,5.405445,0.900908
165,5.177000,0.862833
166,5.546819,0.924470
167,5.759709,0.959952
168,5.759765,0.959961
169,5.885005,0.980834
170,5.687960,0.947993
171,5.405331,0.900888
172,5.468244,0.911374
173,5.885055,0.980842
174,5.687889,0.947981
175,5.177032,0.862839
176,5.829141,0.971523
177,5.396695,0.899449
178,5.759310,0.959885
179,5.461318,0.910220
180,5.468143,0.911357
181,4.885955,0.814326
182,5.177054,0.862842
183,5.114187,0.852365
184,5.177013,0.862836
185,5.885050,0.980842
186,5.176973,0.862829
187,4.964175,0.827363
188,4.744429,0.790738
189,5.884742,0.980790
190,4.823022,0.803837
191,5.176985,0.862831
192,5.884841,0.980807
193,5.114432,0.852405
194,5.884873,0.980812
195,5.547003,0.924500
196,5.468365,0.911394
197,5.618747,0.936458
198,5.114439,0.852406
199,5.547022,0.924504
200,4.964178,0.827363
201,5.759797,0.959966
202,5.546950,0.924492
203,5.114517,0.852420
204,5.114450,0.852408
205,5.759901,0.959984
206,5.547075,0.924513
207,4.136044,0.689341
208,4.744364,0.790727
209,5.884737,0.980789
210,5.884778,0.980796
211,5.884663,0.980777
212,5.884811,0.980802
213,5.405791,0.900965
214,5.688183,0.948030
215,5.114478,0.852413
216,5.884926,0.980821
217,5.320219,0.886703
218,5.759685,0.959947
219,5.327098,0.887850
220,5.035742,0.839290
221,5.177047,0.862841
222,5.885293,0.980882
223,5.114212,0.852369
224,5.546741,0.924457
225,5.618345,0.936391
226,5.885087,0.980848
227,5.468308,0.911385
228,4.878698,0.813116
229,5.327214,0.887869
230,5.320240,0.886707
231,5.688151,0.948025
232,5.176951,0.862825
233,5.405911,0.900985
234,5.547117,0.924520
235,5.829319,0.971553
236,5.829325,0.971554
237,5.688221,0.948037
238,5.759832,0.959972
239,5.884923,0.980820
240,5.176951,0.862825
241,5.884638,0.980773
242,5.468408,0.911401
243,5.884774,0.980796
244,4.954683,0.825781
245,5.884682,0.980780
246,5.327376,0.887896
247,4.964139,0.827356
248,4.964148,0.827358
249,4.823074,0.803846
250,4.823053,0.803842
251,5.884842,0.980807
252,4.964162,0.827360
253,4.744447,0.790741
254,5.759760,0.959960
255,5.884878,0.980813
256,5.688171,0.948029
257,4.964170,0.827362
258,5.884762,0.980794
259,5.884836,0.980806
260,5.468364,0.911394
261,5.885116,0.980853
262,5.618353,0.936392
263,5.759662,0.959944
264,5.035832,0.839305
265,5.176950,0.862825
266,5.176960,0.862827
267,5.760082,0.960014
268,5.884493,0.980749
269,5.884626,0.980771
270,5.327457,0.887909
271,5.884415,0.980736
272,4.593367,0.765561
273,5.327648,0.887941
274,5.884260,0.980710
275,5.176858,0.862810
276,5.760305,0.960051
277,5.884269,0.980711
278,5.619394,0.936566
279,5.884295,0.980716
280,5.547522,0.924587
281,5.176847,0.862808
282,5.884460,0.980743
283,5.461495,0.910249
284,5.760195,0.960033
285,5.255734,0.875956
286,5.884214,0.980702
287,5.884036,0.980673
288,4.744181,0.790697
289,5.406686,0.901114
290,4.672260,0.778710
291,5.406633,0.901105
292,5.688412,0.948069
293,5.176830,0.862805
294,5.884064,0.980677
295,5.461546,0.910258
296,4.885095,0.814183
297,5.884174,0.980696
298,4.964028,0.827338
299,5.884107,0.980685
300,5.468534,0.911422
301,5.884421,0.980737
302,5.114636,0.852439
303,5.176926,0.862821
304,5.884729,0.980788
305,5.114483,0.852414
306,5.114386,0.852398
307,5.884915,0.980819
308,5.405906,0.900984
309,5.176944,0.862824
310,5.688215,0.948036
311,5.176943,0.862824
312,4.964142,0.827357
313,5.618665,0.936444
314,5.618773,0.936462
315,5.829195,0.971533
316,4.823064,0.803844
317,5.688126,0.948021
318,5.468369,0.911395
319,5.546950,0.924492
320,5.884722,0.980787
321,5.405949,0.900992
322,5.884669,0.980778
323,5.114575,0.852429
324,5.618892,0.936482
325,5.468389,0.911398
326,5.176917,0.862820
327,5.406135,0.901022
328,5.884704,0.980784
329,5.546989,0.924498
330,5.176960,0.862827
331,5.405805,0.900968
332,5.759696,0.959949
333,5.884995,0.980832
334,5.884970,0.980828
335,5.829203,0.971534
336,5.885156,0.980859
337,5.885299,0.980883
338,5.396735,0.899456
339,5.885443,0.980907
340,4.822880,0.803813
341,5.885691,0.980949
342,5.546322,0.924387
343,5.885605,0.980934
344,5.885615,0.980936
345,5.255315,0.875886
346,5.255298,0.875883
347,5.404840,0.900807
348,5.404834,0.900806
349,4.964317,0.827386
350,5.885503,0.980917
351,5.319929,0.886655
352,4.721282,0.786880
353,5.759152,0.959859
354,5.303548,0.883925
355,5.885559,0.980927
356,5.885462,0.980910
357,5.177099,0.862850
358,5.885537,0.980923
359,5.885508,0.980918
360,4.822907,0.803818
361,5.885494,0.980916
362,5.885567,0.980928
363,4.744681,0.790780
364,5.177141,0.862857
365,5.404653,0.900776
366,5.617389,0.936232
367,5.468009,0.911335
368,5.885845,0.980974
369,4.822808,0.803801
370,5.326382,0.887730
371,5.886153,0.981025
372,5.886129,0.981022
373,5.886123,0.981021
374,5.404262,0.900710
375,5.758753,0.959792
376,5.758637,0.959773
377,5.177205,0.862868
378,5.304604,0.884101
379,5.886007,0.981001
380,5.885998,0.981000
381,5.758696,0.959783
382,5.886011,0.981002
383,5.885931,0.980989
384,5.319622,0.886604
385,5.396743,0.899457
386,5.113595,0.852266
387,5.687576,0.947929
388,5.758853,0.959809
389,5.546059,0.924343
390,5.326543,0.887757
391,5.885822,0.980970
392,5.404438,0.900740
393,5.885970,0.980995
394,5.885907,0.980985
395,5.886030,0.981005
396,5.177193,0.862865
397,5.829078,0.971513
398,5.886190,0.981032
399,5.886260,0.981043
400,5.113391,0.852232
401,5.467860,0.911310
402,5.616607,0.936101
403,5.113235,0.852206
404,5.403737,0.900623
405,5.886600,0.981100
406,4.964530,0.827422
407,5.113007,0.852168
408,5.403451,0.900575
409,5.758132,0.959689
410,5.254854,0.875809
411,5.886901,0.981150
412,5.615947,0.935991
413,4.526056,0.754343
414,5.403126,0.900521
415,5.177381,0.862897
416,5.177373,0.862895
417,5.886859,0.981143
418,5.687055,0.947843
419,5.545085,0.924181
420,4.887174,0.814529
421,5.687008,0.947835
422,5.035381,0.839230
423,5.306745,0.884457
424,5.177429,0.862905
425,5.177402,0.862900
426,5.460979,0.910163
427,4.822571,0.803762
428,5.177433,0.862906
429,4.822575,0.803762
430,4.822563,0.803760
431,5.687014,0.947836
432,5.254765,0.875794
433,5.318891,0.886482
434,5.112728,0.852121
435,5.403061,0.900510
436,4.822581,0.803763
437,5.887030,0.981172
438,5.403290,0.900548
439,5.886837,0.981139
440,5.886913,0.981152
441,5.403234,0.900539
442,5.177363,0.862894
443,5.886741,0.981123
444,5.113143,0.852191
445,5.177351,0.862892
446,5.325864,0.887644
447,5.758185,0.959698
448,5.177322,0.862887
449,5.113029,0.852171
450,5.177358,0.862893
451,5.886951,0.981159
452,5.886902,0.981150
453,4.300022,0.716670
454,5.538901,0.923150
455,5.886976,0.981163
456,5.306535,0.884423
457,5.403170,0.900528
458,5.545197,0.924200
459,5.396843,0.899474
460,5.615742,0.935957
461,5.757926,0.959654
462,5.545269,0.924212
463,5.687142,0.947857
464,5.177335,0.862889
465,5.545374,0.924229
466,4.964511,0.827419
467,5.758205,0.959701
468,5.886539,0.981090
469,5.886551,0.981092
470,4.964522,0.827420
471,5.758026,0.959671
472,4.964532,0.827422
473,5.113060,0.852177
474,5.829065,0.971511
475,5.758224,0.959704
476,4.886920,0.814487
477,5.886678,0.981113
478,4.822683,0.803781
479,5.616288,0.936048
480,5.545359,0.924227
481,5.758176,0.959696
482,5.687204,0.947867
483,5.403522,0.900587
484,5.325999,0.887666
485,5.113085,0.852181
486,5.467730,0.911288
487,5.545403,0.924234
488,5.758186,0.959698
489,5.886651,0.981108
490,5.886559,0.981093
491,4.822686,0.803781
492,5.403507,0.900584
493,5.325846,0.887641
494,5.467665,0.911278
495,5.886712,0.981119
496,5.615964,0.935994
497,5.319018,0.886503
498,5.177414,0.862902
499,5.686926,0.947821
