步骤,割值,近似比
0,5.512748,0.918791
1,5.233586,0.872264
2,4.716635,0.786106
3,5.666779,0.944463
4,5.722547,0.953758
5,5.718374,0.953062
6,4.912259,0.818710
7,5.277312,0.879552
8,5.710441,0.951740
9,5.469116,0.911519
10,5.669961,0.944993
11,5.793726,0.965621
12,5.781361,0.963560
13,5.561393,0.926899
14,5.795283,0.965880
15,5.158579,0.859763
16,5.800329,0.966722
17,5.822201,0.970367
18,5.240939,0.873490
19,5.832059,0.972010
20,5.829984,0.971664
21,5.505297,0.917549
22,5.108087,0.851348
23,5.176411,0.862735
24,5.165179,0.860863
25,4.466382,0.744397
26,4.835361,0.805894
27,5.457570,0.909595
28,5.842584,0.973764
29,5.458227,0.909704
30,5.410260,0.901710
31,5.753995,0.958999
32,5.856648,0.976108
33,5.324101,0.887350
34,5.115438,0.852573
35,5.544293,0.924049
36,5.520721,0.920120
37,5.539258,0.923210
38,5.299075,0.883179
39,5.860611,0.976769
40,5.542436,0.923739
41,5.407895,0.901316
42,5.251415,0.875236
43,5.174496,0.862416
44,5.873477,0.978913
45,5.868037,0.978006
46,5.865515,0.977586
47,5.863684,0.977281
48,5.539599,0.923266
49,5.459417,0.909903
50,5.865472,0.977579
51,5.247419,0.874570
52,5.395582,0.899264
53,5.113566,0.852261
54,5.863401,0.977233
55,5.524566,0.920761
56,5.812710,0.968785
57,5.750787,0.958465
58,5.176503,0.862751
59,5.177435,0.862906
60,5.382051,0.897008
61,5.893188,0.982198
62,5.893367,0.982228
63,5.896301,0.982717
64,5.179595,0.863266
65,5.899661,0.983277
66,5.732886,0.955481
67,5.900880,0.983480
68,5.179945,0.863324
69,5.824404,0.970734
70,5.680342,0.946724
71,4.315266,0.719211
72,5.461043,0.910174
73,5.408750,0.901458
74,5.321885,0.886981
75,5.176050,0.862675
76,5.302141,0.883690
77,5.034243,0.839041
78,5.750083,0.958347
79,5.112160,0.852027
80,5.403373,0.900562
81,4.389226,0.731538
82,5.465907,0.910984
83,5.884710,0.980785
84,5.884643,0.980774
85,5.176568,0.862761
86,5.613982,0.935664
87,5.251238,0.875206
88,5.823653,0.970609
89,5.456316,0.909386
90,5.896357,0.982726
91,5.032723,0.838787
92,5.542965,0.923828
93,4.820490,0.803415
94,5.530127,0.921688
95,5.309715,0.884952
96,5.377309,0.896218
97,5.453803,0.908967
98,4.688299,0.781383
99,5.309633,0.884939
100,5.741251,0.956875
101,5.898287,0.983048
102,5.898176,0.983029
103,5.901097,0.983516
104,5.668782,0.944797
105,5.899247,0.983208
106,5.896317,0.982720
107,5.100568,0.850095
108,5.740025,0.956671
109,5.459532,0.909922
110,5.741677,0.956946
111,5.892266,0.982044
112,5.526873,0.921146
113,5.891884,0.981981
114,5.178310,0.863052
115,4.967549,0.827925
116,5.379758,0.896626
117,5.248022,0.874670
118,5.312636,0.885439
119,5.888412,0.981402
120,5.888670,0.981445
121,4.897558,0.816260
122,4.822113,0.803686
123,5.888773,0.981462
124,5.891946,0.981991
125,5.318116,0.886353
126,5.394431,0.899072
127,5.888176,0.981363
128,5.106228,0.851038
129,5.889634,0.981606
130,5.886741,0.981123
131,5.104634,0.850772
132,5.177984,0.862997
133,4.821903,0.803650
134,5.733479,0.955580
135,5.337456,0.889576
136,4.477610,0.746268
137,5.734606,0.955768
138,5.177922,0.862987
139,5.734631,0.955772
140,4.342177,0.723696
141,5.102435,0.850406
142,4.822378,0.803730
143,5.454484,0.909081
144,5.601460,0.933577
145,5.530493,0.921749
146,5.539141,0.923190
147,5.389017,0.898169
148,5.888388,0.981398
149,5.107910,0.851318
150,5.677640,0.946273
151,5.747628,0.957938
152,5.883075,0.980513
153,5.882418,0.980403
154,5.458716,0.909786
155,5.885921,0.980987
156,5.537628,0.922938
157,5.539506,0.923251
158,5.322017,0.887003
159,5.889712,0.981619
160,5.887057,0.981176
161,5.887092,0.981182
162,5.884172,0.980695
163,5.886584,0.981097
164,4.822833,0.803805
165,5.254498,0.875750
166,5.465617,0.910936
167,5.177167,0.862861
168,5.884748,0.980791
169,5.883741,0.980624
170,5.886843,0.981141
171,4.890389,0.815065
172,5.252335,0.875389
173,5.885415,0.980903
174,4.749001,0.791500
175,5.462996,0.910499
176,5.889028,0.981505
177,5.888149,0.981358
178,5.320508,0.886751
179,5.316257,0.886043
180,5.887792,0.981299
181,5.889878,0.981646
182,5.889227,0.981538
183,5.749775,0.958296
184,5.891073,0.981846
185,5.890493,0.981749
186,5.891457,0.981909
187,5.324821,0.887470
188,5.105181,0.850863
189,5.891874,0.981979
190,5.101612,0.850269
191,5.102706,0.850451
192,4.776682,0.796114
193,5.894671,0.982445
194,5.671461,0.945244
195,5.735572,0.955929
196,5.178930,0.863155
197,5.738266,0.956378
198,5.893606,0.982268
199,5.394400,0.899067
200,4.966848,0.827808
201,5.892817,0.982136
202,4.684837,0.780806
203,4.751080,0.791847
204,5.178279,0.863046
205,5.596528,0.932755
206,5.103131,0.850522
207,5.893309,0.982218
208,5.747168,0.957861
209,5.177598,0.862933
210,5.889882,0.981647
211,5.318989,0.886498
212,5.033983,0.838997
213,5.601879,0.933646
214,5.893135,0.982189
215,5.111688,0.851948
216,5.107033,0.851172
217,5.178557,0.863093
218,5.890866,0.981811
219,5.889226,0.981538
220,4.603100,0.767183
221,5.829042,0.971507
222,5.892127,0.982021
223,5.827998,0.971333
224,4.966137,0.827689
225,5.251346,0.875224
226,5.178787,0.863131
227,5.896701,0.982783
228,5.250960,0.875160
229,4.820637,0.803439
230,5.387539,0.897923
231,5.896840,0.982807
232,5.743436,0.957239
233,5.898365,0.983061
234,5.898575,0.983096
235,5.179690,0.863282
236,4.407376,0.734563
237,5.312277,0.885379
238,5.900336,0.983389
239,5.901306,0.983551
240,5.901781,0.983630
241,5.098031,0.849672
242,5.737776,0.956296
243,5.901975,0.983662
244,5.180376,0.863396
245,4.898204,0.816367
246,5.902617,0.983769
247,5.902410,0.983735
248,4.819470,0.803245
249,5.093797,0.848966
250,5.903610,0.983935
251,5.731079,0.955180
252,5.244747,0.874125
253,5.180665,0.863444
254,5.454432,0.909072
255,5.368268,0.894711
256,5.903922,0.983987
257,5.365636,0.894273
258,5.903908,0.983985
259,5.454785,0.909131
260,5.671934,0.945322
261,5.523233,0.920539
262,5.901827,0.983638
263,5.902558,0.983760
264,5.729294,0.954882
265,4.819502,0.803250
266,4.696076,0.782679
267,5.669862,0.944977
268,5.453090,0.908848
269,4.819687,0.803281
270,5.180323,0.863387
271,5.730595,0.955099
272,5.900527,0.983421
273,5.302685,0.883781
274,5.376026,0.896004
275,5.898887,0.983148
276,5.899316,0.983219
277,5.900159,0.983360
278,5.179792,0.863299
279,4.820310,0.803385
280,5.100343,0.850057
281,5.179700,0.863283
282,5.896528,0.982755
283,5.313435,0.885572
284,5.898295,0.983049
285,5.897723,0.982954
286,5.101359,0.850226
287,4.820810,0.803468
288,5.179120,0.863187
289,5.897124,0.982854
290,5.740359,0.956727
291,5.102441,0.850407
292,5.383753,0.897292
293,5.103072,0.850512
294,4.821306,0.803551
295,5.892628,0.982105
296,5.178008,0.863001
297,5.889407,0.981568
298,5.393090,0.898848
299,5.110554,0.851759
300,5.541552,0.923592
301,5.034865,0.839144
302,5.889213,0.981535
303,5.110526,0.851754
304,4.392615,0.732102
305,5.885522,0.980920
306,5.323350,0.887225
307,5.884557,0.980759
308,5.885240,0.980873
309,4.822920,0.803820
310,5.884496,0.980749
311,5.609736,0.934956
312,4.602091,0.767015
313,5.748653,0.958109
314,5.034240,0.839040
315,4.888305,0.814718
316,5.320590,0.886765
317,5.538452,0.923075
318,5.680801,0.946800
319,5.177530,0.862922
320,5.310567,0.885095
321,5.109883,0.851647
322,5.887154,0.981192
323,5.539513,0.923252
324,5.308306,0.884718
325,5.176938,0.862823
326,5.885671,0.980945
327,5.683475,0.947246
328,5.460198,0.910033
329,5.886898,0.981150
330,5.612804,0.935467
331,5.465320,0.910887
332,5.464879,0.910813
333,5.886318,0.981053
334,5.323836,0.887306
335,5.035490,0.839248
336,5.177267,0.862878
337,4.965106,0.827518
338,5.317425,0.886237
339,5.889878,0.981646
340,4.821808,0.803635
341,5.460886,0.910148
342,5.100801,0.850133
343,5.895217,0.982536
344,5.895482,0.982580
345,5.896437,0.982740
346,5.896234,0.982706
347,5.896755,0.982793
348,4.901524,0.816921
349,5.179645,0.863274
350,5.898258,0.983043
351,4.344020,0.724003
352,5.734917,0.955819
353,5.734405,0.955734
354,5.031183,0.838531
355,5.457467,0.909578
356,5.098974,0.849829
357,5.310021,0.885003
358,5.179911,0.863319
359,5.246799,0.874467
360,5.900735,0.983456
361,4.819868,0.803311
362,5.671329,0.945222
363,5.734412,0.955735
364,5.522990,0.920498
365,5.670953,0.945159
366,5.820629,0.970105
367,4.819690,0.803282
368,4.800583,0.800097
369,5.900808,0.983468
370,5.375852,0.895975
371,5.899372,0.983229
372,5.246681,0.874447
373,5.900455,0.983409
374,4.751476,0.791913
375,5.305059,0.884177
376,5.900795,0.983466
377,4.968332,0.828055
378,5.899104,0.983184
379,5.312063,0.885344
380,5.530465,0.921744
381,4.820593,0.803432
382,5.461403,0.910234
383,5.595899,0.932650
384,5.179054,0.863176
385,5.675745,0.945958
386,5.894603,0.982434
387,5.380029,0.896671
388,5.099086,0.849848
389,4.342518,0.723753
390,5.897641,0.982940
391,4.901306,0.816884
392,5.031451,0.838575
393,5.541900,0.923650
394,5.458457,0.909743
395,5.179414,0.863236
396,5.897408,0.982901
397,5.896008,0.982668
398,5.896944,0.982824
399,5.311791,0.885299
400,5.896096,0.982683
401,5.895747,0.982625
402,5.735582,0.955930
403,5.099075,0.849846
404,5.457532,0.909589
405,4.780035,0.796673
406,5.893848,0.982308
407,5.380653,0.896775
408,5.455110,0.909185
409,5.893729,0.982288
410,5.675385,0.945897
411,5.460366,0.910061
412,5.894071,0.982345
413,4.820856,0.803476
414,5.895345,0.982557
415,5.318437,0.886406
416,5.893012,0.982169
417,5.893186,0.982198
418,4.886984,0.814497
419,5.178158,0.863026
420,5.890514,0.981752
421,5.321500,0.886917
422,5.892148,0.982025
423,5.393784,0.898964
424,5.178788,0.863131
425,5.894909,0.982485
426,5.178685,0.863114
427,5.892566,0.982094
428,5.107067,0.851178
429,5.178837,0.863139
430,5.751308,0.958551
431,5.607918,0.934653
432,5.034306,0.839051
433,5.685076,0.947513
434,5.178502,0.863084
435,5.320596,0.886766
436,5.314626,0.885771
437,5.890666,0.981778
438,5.109508,0.851585
439,5.392241,0.898707
440,5.895507,0.982584
441,5.682706,0.947118
442,5.458136,0.909689
443,5.896988,0.982831
444,5.032598,0.838766
445,5.309148,0.884858
446,5.826732,0.971122
447,5.744932,0.957489
448,4.402639,0.733773
449,5.897761,0.982960
450,5.747384,0.957897
451,5.747418,0.957903
452,5.457351,0.909559
453,5.260684,0.876781
454,5.897516,0.982919
455,4.820618,0.803436
456,5.179124,0.863187
457,5.463647,0.910608
458,5.397425,0.899571
459,5.462509,0.910418
460,5.897304,0.982884
461,5.533205,0.922201
462,5.104133,0.850689
463,5.105886,0.850981
464,4.821027,0.803504
465,5.391266,0.898544
466,5.538617,0.923103
467,5.109708,0.851618
468,4.965214,0.827536
469,5.316999,0.886166
470,5.398402,0.899734
471,5.890473,0.981746
472,5.892771,0.982128
473,4.749319,0.791553
474,5.894682,0.982447
475,5.390527,0.898421
476,5.178679,0.863113
477,5.893597,0.982266
478,5.111759,0.851960
479,5.893648,0.982275
480,5.109005,0.851501
481,5.034758,0.839126
482,5.460341,0.910057
483,5.890346,0.981724
484,5.888938,0.981490
485,5.254671,0.875778
486,5.888900,0.981483
487,5.888099,0.981350
488,4.387115,0.731186
489,5.888882,0.981480
490,5.400481,0.900080
491,5.309499,0.884916
492,5.177442,0.862907
493,5.176804,0.862801
494,5.177274,0.862879
495,5.545954,0.924326
496,4.955263,0.825877
497,5.885333,0.980889
498,5.885464,0.980911
499,5.886063,0.981010
